Generation 0
0.25867290420005384,0.797999340877576
0.2553036318663605,0.8534260124532261
0.25675465973065253,0.8199465821421805
1.0111649581960727,0.10549555477967387
0.9706027778851171,0.10860794466492764
0.7228502075788183,0.10902452346083177
0.6778681538192377,0.13384093800828448
0.6334708558897488,0.14396607959082738
0.6620914295783626,0.1375039244599485
0.4831607951198315,0.14534073220311203
0.4466322900658804,0.18429370563886216
0.3916017476121265,0.18550176817023017
0.3762773183459031,0.27468847719234
0.38978002197263184,0.2555528011719394
0.3365802273506805,0.2886691804717851
0.3552935236825463,0.2780053064604982
0.33385366450053044,0.33447838996896745
0.3171830248810586,0.38008520915824684
0.3109059505168683,0.400316743549126
0.29660868048532796,0.45484106511501277
0.2867937450975896,0.5121308212711638
0.2955822071896016,0.5052308342291397
0.28039895637374646,0.5817093342522669
0.2843351538373687,0.5563780989475118
0.27257759435877604,0.6125640117794865
0.2691869546366723,0.6495428149743503
0.2630895078247999,0.650269904604781
0.2718261873590384,0.647773730257874
Generation 1
0.39500347626508103,0.20265916307170112
0.3639207720118056,0.264585951595901
0.3088450939459575,0.4993247798513127
0.4563140034687241,0.16106626456121748
0.31458808104167585,0.46996666729680964
0.907173277398106,0.0952406126842836
0.28009192011197026,0.5817093342522669
0.5966248259536198,0.1252789731621948
0.2875536270383408,0.5121308212711638
0.5337337345714434,0.14685075726159708
0.32847250555184965,0.2691283064833127
0.5847690447971324,0.13996448104683754
0.4203114515290955,0.20159032809921082
0.8089605069909619,0.10596705911475862
0.2712934059887294,0.7536427250361448
0.2767109226669342,0.6428598075056591
0.32133518167510033,0.4029227816902559
Generation 2
0.45755033251488747,0.15594527941316166
0.2749747444788454,0.6611260721844795
0.46691700791229374,0.14335477143471556
0.5783916943492184,0.11063524824019724
0.44731833272375376,0.18429370563886216
0.2801118178102533,0.4831838696688185
0.2767109226669342,0.6428598075056591
0.29846722381660107,0.4787866155831487
0.25775505820655054,0.797999340877576
0.31393266579280044,0.400316743549126
0.3334466611217508,0.33447838996896745
0.37406073176464905,0.2613889731023759
0.3627169425842826,0.2736008243877766
0.35414179508135507,0.321673960773611
0.27480185747268376,0.6641364178881419
0.3076132535950898,0.45010736312912264
0.7945543056759025,0.09946668408867178
0.2656318029576254,0.7435054080351983
0.26929412582810996,0.6900354303622073
0.27856292297504626,0.5154620654252156
0.474416694236981,0.13932433694986915
0.3837877984322271,0.1958021131371249
Generation 3
0.37259497000613834,0.22893523465168003
0.3073753146164037,0.3705524774423552
0.2846712373506471,0.5045553591792358
0.3809877669553403,0.20443344206993203
0.46164900354769123,0.11782562738462345
0.2906317004965407,0.42956106842369446
0.9878238321993459,0.07989176222030514
0.4000216276178483,0.19321751879003934
0.9484795801580234,0.0819768205824257
0.4388514863749768,0.166364702175457
0.31733938810805046,0.33422785932484966
0.3427586277215765,0.2886691804717851
0.2715284046187621,0.7210109696439562
0.2699154288365716,0.8557227027887065
0.6494280152154193,0.10414366997741947
0.3699096757548206,0.2820092727258765
Generation 4
0.420150657897079,0.137368498258328
0.4883699953209274,0.13464894406220979
0.3259630850610639,0.370826610846001
0.3657856255364046,0.20643249740979433
0.3507143108733304,0.27600594268024903
0.2767109226669342,0.6428598075056591
0.8063867201315432,0.08522035856512764
0.5564609362463507,0.09738013458342668
0.3427586277215765,0.2886691804717851
0.2801118178102533,0.4831838696688185
0.2692793536630982,0.6495428149743503
0.2896136998003269,0.42052777238210887
0.36574175911821716,0.2505207717216521
0.5155996140968748,0.12123472855821618
0.25688490435402195,0.797999340877576
0.3198916312802067,0.39863715698357804
Generation 5
0.850685864126117,0.07432841243826041
0.3837877984322271,0.1958021131371249
0.2846712373506471,0.5045553591792358
0.42689672241931653,0.16802258108962384
0.25777925969348614,0.8199465821421805
0.2629092193481983,0.650269904604781
0.4554075430822897,0.11850240086841103
0.3834781767071326,0.2337652978494224
0.40946815692087934,0.19002198250545016
0.3147652107823176,0.39504052608518264
0.27283825663909816,0.6125640117794865
0.35184234183838997,0.24993751056559182
0.7485589150094192,0.0797527478358159
0.4403576658206925,0.15648762759665283
0.3065056594197194,0.4067746308471442
0.278228973130921,0.5262798929115458
0.5092196555804372,0.09627387219820849
1.0367846498496869,0.0738519135421389
0.315088167989347,0.3426384162335003
0.4886112997210695,0.11273282649159233
0.29240686380620085,0.4139196044841552
Generation 6
0.3241344340315335,0.2914053384825137
0.4699383252535354,0.1028520547785242
0.6023525448874884,0.08204164891333796
0.9578659579296707,0.05862743233655784
0.3036925785934919,0.40597066362106454
0.315088167989347,0.3426384162335003
0.4152696944725763,0.1859663794391757
0.7027523933504818,0.07000169165854561
0.26929412582810996,0.6900354303622073
0.2754576845563182,0.5063215426714542
0.2906317004965407,0.42956106842369446
0.40669062685573965,0.20159503460878467
0.2624649801434567,0.8286662767727161
0.9128225974408857,0.06283739651616004
0.29873723516516915,0.4067247532505391
0.3866702751602627,0.20574795427400394
0.2642983891149317,0.6971551463059252
0.29240686380620085,0.4139196044841552
0.5300214355996496,0.09387977899809512
0.3111842230974484,0.37959909555358323
0.3572390009658312,0.2877752890605382
0.416922174640613,0.137368498258328
0.36574175911821716,0.2505207717216521
0.43480751552409824,0.12471014158343449
0.31840291141789484,0.3166930237968337
Generation 7
0.33559801733074585,0.262115597174554
0.4333765873326551,0.12089348082862171
0.30482218767926295,0.4526132025921473
0.32509858791996743,0.3009492710257676
0.3866702751602627,0.20574795427400394
0.30068384803012155,0.4576988269907741
0.6729932665042772,0.0685573555509004
0.26890178956419625,0.6252249486235592
0.673824788661263,0.06036395429769284
0.3076064703743903,0.3066748618636091
0.36593065013759035,0.25055657960682276
0.2807661371965492,0.619083652969944
0.5567802406021066,0.10742728765274731
0.420150657897079,0.137368498258328
0.26419075730449093,0.6651824149968999
0.25517248102500345,0.8534260124532261
0.2846712373506471,0.5045553591792358
0.6048045335141675,0.0848160748208416
0.2868674537468711,0.46056874872918097
0.5459412171860624,0.10816798000021406
0.2619430648672859,0.8319051168310936
0.6613464683708564,0.07843214690025967
0.28127347848451395,0.5934285413229312
0.40256930204786817,0.19418720995097793
0.4255472466774866,0.1277942193766308
0.3799935490904724,0.21864609142844849
0.5765289514139212,0.08755973387729102
Generation 8
0.39069263062838433,0.17632896227897463
0.29240686380620085,0.4139196044841552
0.5288794862781168,0.10350270308182648
0.3839455921141281,0.20854968680225286
0.2801118178102533,0.4831838696688185
0.27283825663909816,0.6125640117794865
0.3036925785934919,0.40597066362106454
0.25775505820655054,0.797999340877576
0.5075594076024413,0.10741117551823844
0.3719512898033023,0.21584913795774197
0.3147652107823176,0.39504052608518264
0.5113809077747996,0.1068676462782211
0.6468315252273962,0.07847995507444329
0.2638929763354611,0.6651824149968999
0.420150657897079,0.137368498258328
0.6990728278360847,0.07116871783427656
0.34818013536989995,0.22109676907312353
0.9128225974408857,0.06283739651616004
0.3183306718838254,0.2793516918657015
0.42837532745522083,0.12133422342154306
0.5765289514139212,0.08755973387729102
0.2896136998003269,0.42052777238210887
0.2868674537468711,0.46056874872918097
0.39058413679438503,0.19031367238856406
0.2754576845563182,0.5063215426714542
Generation 9
0.32509858791996743,0.3009492710257676
0.2739711598716576,0.6125640117794865
0.5510598383888003,0.08165354616309113
0.3837877984322271,0.1958021131371249
0.2692793536630982,0.6495428149743503
0.29696884288557335,0.3486238652052786
0.34818013536989995,0.22109676907312353
0.3392452689505802,0.24977992092055812
0.8837029218582846,0.05310305768259765
0.2906317004965407,0.42956106842369446
0.5162739706743663,0.08981307697480422
0.42452685406691654,0.12613904464922668
0.3005999126066756,0.3341801982152884
0.3657856255364046,0.20643249740979433
0.796091320139101,0.06026075016461661
0.652355499483768,0.07086325063545472
0.49828161063734633,0.09772463229008022
0.28484569882827526,0.4926576939158229
0.29240686380620085,0.4139196044841552
0.416922174640613,0.137368498258328
0.2638929763354611,0.6651824149968999
0.48919350815005214,0.12334047155047129
0.3857159550510403,0.1916617692991597
Generation 10
0.3866702751602627,0.20574795427400394
0.4454120458730942,0.09866860250911562
0.39058413679438503,0.19031367238856406
0.5668981592376232,0.08223153881223282
0.2638929763354611,0.6651824149968999
0.9003973013530595,0.05142196344490676
0.31190734186723174,0.32590074601638436
0.7601551364113299,0.055729078775843724
0.26890178956419625,0.6252249486235592
0.29240686380620085,0.4139196044841552
0.31488173946881826,0.32566044083016027
0.3657856255364046,0.20643249740979433
0.3309261609022878,0.22304623523229536
0.25775505820655054,0.797999340877576
0.3028487760005194,0.32649346370670473
0.4035491886009942,0.1510234442249681
0.48665162477902274,0.08780731545029581
0.6893968257165937,0.06580716289192179
0.6729932665042772,0.0685573555509004
0.5536851716905123,0.08318728359620221
0.2852138671823545,0.5093746873322996
0.43480751552409824,0.12471014158343449
Generation 11
0.9003973013530595,0.05142196344490676
0.29240686380620085,0.4139196044841552
0.29696884288557335,0.3486238652052786
0.27553528151714946,0.5047003905033537
0.3179613927878605,0.3166930237968337
0.2801118178102533,0.4831838696688185
0.3005999126066756,0.3341801982152884
0.27283825663909816,0.6125640117794865
0.4632377498059646,0.11615901723567071
0.32509858791996743,0.3009492710257676
0.2896136998003269,0.42052777238210887
0.7210869088928341,0.054639642121318305
0.2754576845563182,0.5063215426714542
0.608823288661611,0.07665347386358864
0.36141156430131405,0.18241351387873117
0.416922174640613,0.137368498258328
0.43480751552409824,0.12471014158343449
0.4665826279666522,0.10199586697155702
0.3294605945983392,0.29961457930429075
0.3309261609022878,0.22304623523229536
0.5510598383888003,0.08165354616309113
0.26890178956419625,0.6252249486235592
0.25775505820655054,0.797999340877576
0.2635162616083298,0.7188381270402436
Generation 12
0.3144657608006859,0.367119792248208
0.8806227843161858,0.05575455602715867
0.4255472466774866,0.1277942193766308
0.416922174640613,0.137368498258328
0.4904569204699077,0.0827679387847049
0.29240686380620085,0.4139196044841552
0.28009192011197026,0.5817093342522669
0.4676159628442625,0.11745137514330448
0.2726629222332907,0.647773730257874
0.3657856255364046,0.20643249740979433
0.25775505820655054,0.797999340877576
0.37086223969358395,0.20189324722358232
0.32509858791996743,0.3009492710257676
0.27283825663909816,0.6125640117794865
0.30816669576168726,0.4095465173084172
0.2801118178102533,0.4831838696688185
0.25517248102500345,0.8534260124532261
0.28399802210982966,0.4344628235280316
0.5510598383888003,0.08165354616309113
0.2692793536630982,0.6495428149743503
0.3858339513963604,0.19594015543207383
0.3309261609022878,0.22304623523229536
0.6729932665042772,0.0685573555509004
0.7063187487786741,0.058800925066042856
0.6026533445412497,0.07157490873537971
Generation 13
0.25777925969348614,0.8199465821421805
0.2801118178102533,0.4831838696688185
0.29240686380620085,0.4139196044841552
0.2896136998003269,0.42052777238210887
0.5887065526629318,0.07585443545119505
0.7210869088928341,0.054639642121318305
0.6893968257165937,0.06580716289192179
0.4859958362143339,0.08361705847825932
0.44794586582472856,0.12543437613525965
0.7083731309987139,0.06241667680855623
0.3086451531918554,0.3066748618636091
0.34818013536989995,0.22109676907312353
0.3005999126066756,0.3341801982152884
0.3183306718838254,0.2793516918657015
0.4372638446485283,0.12918928065127527
0.33330465949612215,0.26717930122839856
0.2754576845563182,0.5063215426714542
0.4486153214112276,0.11717254940357572
0.9311150112895423,0.051007848389089276
0.3402089720038395,0.26349902927912316
0.34564024404020116,0.242131608111074
0.4598969063132506,0.10664106010465457
0.3657856255364046,0.20643249740979433
0.416922174640613,0.137368498258328
Generation 14
0.6447007856424883,0.05443460906302132
0.2635162616083298,0.7188381270402436
0.36141156430131405,0.18241351387873117
0.402323987038196,0.12919140047551816
0.38436692973572617,0.13422766678756218
0.5568506773967977,0.07403909895193546
0.46317591119523993,0.12229671773659413
0.2801118178102533,0.4831838696688185
0.3105371082454114,0.29185432217197754
0.293252025630692,0.32173703201367904
0.4904569204699077,0.0827679387847049
0.5079619391135713,0.07873672403142719
0.27938728560591136,0.6109981906230332
0.8837029218582846,0.05310305768259765
0.29240686380620085,0.4139196044841552
0.9003973013530595,0.05142196344490676
0.3427586277215765,0.2886691804717851
0.34818013536989995,0.22109676907312353
0.4206147782687593,0.1244539106141492
Generation 15
1.2004421701412569,0.04391402500796564
0.402323987038196,0.12919140047551816
0.3036925785934919,0.40597066362106454
0.2692793536630982,0.6495428149743503
0.2801118178102533,0.4831838696688185
0.2896136998003269,0.42052777238210887
1.0761176807041777,0.050630497508232924
0.7210869088928341,0.054639642121318305
0.6329375937951,0.06706949489910354
0.3483814584621271,0.18321525240653377
0.4632377498059646,0.11615901723567071
0.4400675777233718,0.12256007792554242
0.4904569204699077,0.0827679387847049
0.2754576845563182,0.5063215426714542
0.25775505820655054,0.797999340877576
0.29240686380620085,0.4139196044841552
0.3309261609022878,0.22304623523229536
0.25517248102500345,0.8534260124532261
0.2726629222332907,0.647773730257874
0.2638929763354611,0.6651824149968999
0.3183306718838254,0.2793516918657015
0.34818013536989995,0.22109676907312353
0.31733938810805046,0.33422785932484966
0.2868674537468711,0.46056874872918097
0.38436692973572617,0.13422766678756218
0.3076220643528366,0.3755333018625921
0.27553528151714946,0.5047003905033537
Generation 16
0.25775505820655054,0.797999340877576
0.4530953637460076,0.09810357335085071
0.3309261609022878,0.22304623523229536
0.363534505233935,0.17048942595977215
0.402323987038196,0.12919140047551816
0.2692793536630982,0.6495428149743503
0.3545271709480813,0.21981659351646538
0.27819530448124846,0.4831838696688185
0.5079619391135713,0.07873672403142719
0.29240686380620085,0.4139196044841552
0.5760229612601367,0.06407944661137784
0.7989364032201363,0.04850648448677322
0.38436692973572617,0.13422766678756218
0.35525085612890805,0.19834850999283563
0.5077929251054768,0.09101684532703372
0.27283825663909816,0.6125640117794865
0.293252025630692,0.32173703201367904
0.2754576845563182,0.5063215426714542
0.2629092193481983,0.650269904604781
0.25517248102500345,0.8534260124532261
0.3183306718838254,0.2793516918657015
0.5181249330674881,0.07554227130992033
Generation 17
0.293252025630692,0.32173703201367904
0.4859958362143339,0.08361705847825932
0.3086451531918554,0.3066748618636091
0.2902102817257702,0.4139196044841552
0.2801118178102533,0.4831838696688185
0.8691029490842558,0.04776629278436719
0.25775505820655054,0.797999340877576
0.27283825663909816,0.6125640117794865
0.42837532745522083,0.12133422342154306
0.2899538753417182,0.41800322970337256
0.4206147782687593,0.1244539106141492
0.6992172779192859,0.059597889858195786
0.2754576845563182,0.5063215426714542
0.4454120458730942,0.09866860250911562
0.32550810952129844,0.18910986994542497
0.5181249330674881,0.07554227130992033
0.5859887419779451,0.06248215933385312
0.5664821714650986,0.06271408966578391
0.39069263062838433,0.17632896227897463
0.2629092193481983,0.650269904604781
0.2863175107877578,0.46056874872918097
0.3183306718838254,0.2793516918657015
0.416922174640613,0.137368498258328
1.418328479111636,0.04370104789969882
0.9643628629690797,0.04630827587532527
0.26890178956419625,0.6252249486235592
Generation 18
0.4486794175300526,0.11345731375913477
0.25775505820655054,0.797999340877576
0.2801118178102533,0.4831838696688185
0.29240686380620085,0.4139196044841552
0.27553528151714946,0.5047003905033537
0.25517248102500345,0.8534260124532261
0.363534505233935,0.17048942595977215
0.30522949038012015,0.4021475597101234
0.38436692973572617,0.13422766678756218
0.4904569204699077,0.0827679387847049
0.2896136998003269,0.42052777238210887
0.504188554060275,0.0736435721641604
0.2754576845563182,0.5063215426714542
0.34818013536989995,0.22109676907312353
0.72429903944204,0.05893480321737185
0.4859958362143339,0.08361705847825932
0.402323987038196,0.12919140047551816
0.3158985154318378,0.3593386795170928
0.8631762037161805,0.051701477518245595
0.33563538894073514,0.26279601128498786
0.3183306718838254,0.2793516918657015
0.26419075730449093,0.6651824149968999
0.26890178956419625,0.6252249486235592
0.863394899511801,0.0411337988370572
0.42852180288788705,0.1288764019101162
0.5664821714650986,0.06271408966578391
Generation 19
0.29240686380620085,0.4139196044841552
0.4809502129105832,0.0827101197962468
0.402323987038196,0.12919140047551816
0.42837532745522083,0.12133422342154306
0.27283825663909816,0.6125640117794865
0.25775505820655054,0.797999340877576
0.43715408931323463,0.10350346454060058
0.2801118178102533,0.4831838696688185
0.2692793536630982,0.6495428149743503
0.27553528151714946,0.5047003905033537
0.32550810952129844,0.18910986994542497
0.3183306718838254,0.2793516918657015
0.293252025630692,0.32173703201367904
0.28156483157080225,0.48023217528683715
0.2899538753417182,0.41800322970337256
0.5630033589290633,0.05157392848534271
0.5151021135638618,0.07166419698287507
0.263036175086346,0.6530876846503012
0.3179613927878605,0.3166930237968337
0.25517248102500345,0.8534260124532261
0.2754576845563182,0.5063215426714542
0.6499443159282774,0.050699900795240345
Generation 20
0.26890178956419625,0.6252249486235592
0.363534505233935,0.17048942595977215
0.29240686380620085,0.4139196044841552
0.402323987038196,0.12919140047551816
0.2754576845563182,0.5063215426714542
0.3183306718838254,0.2793516918657015
0.25517248102500345,0.8534260124532261
0.7827652961151366,0.045675872749096756
0.4809502129105832,0.0827101197962468
0.2629092193481983,0.650269904604781
0.27283825663909816,0.6125640117794865
0.2896136998003269,0.42052777238210887
0.38436692973572617,0.13422766678756218
0.4486794175300526,0.11345731375913477
0.3309261609022878,0.22304623523229536
0.36303676911118127,0.18238333635517778
0.29696884288557335,0.3486238652052786
0.34818013536989995,0.22109676907312353
0.2801118178102533,0.4831838696688185
0.504188554060275,0.0736435721641604
0.3028487760005194,0.32649346370670473
0.7707762387191016,0.058909443122186246
0.4206147782687593,0.1244539106141492
0.25775505820655054,0.797999340877576
Generation 21
0.2896136998003269,0.42052777238210887
0.3179613927878605,0.3166930237968337
0.25517248102500345,0.8534260124532261
0.3183306718838254,0.2793516918657015
0.42433243343018695,0.12242779763337153
0.263036175086346,0.6530876846503012
0.36303676911118127,0.18238333635517778
0.34818013536989995,0.22109676907312353
0.2754576845563182,0.5063215426714542
0.8316019417303168,0.04990456839942142
0.4859958362143339,0.08361705847825932
0.25775505820655054,0.797999340877576
0.38436692973572617,0.13422766678756218
0.3370301631281128,0.22372435324004308
0.6447007856424883,0.05443460906302132
0.402323987038196,0.12919140047551816
0.27283825663909816,0.6125640117794865
0.29240686380620085,0.4139196044841552
0.5552313149765359,0.06934215384418113
0.4486794175300526,0.11345731375913477
0.4206147782687593,0.1244539106141492
0.27819530448124846,0.4831838696688185
0.27553528151714946,0.5047003905033537
Generation 22
0.2754576845563182,0.5063215426714542
0.6499443159282774,0.050699900795240345
0.26890178956419625,0.6252249486235592
0.402323987038196,0.12919140047551816
0.25775505820655054,0.797999340877576
0.34818013536989995,0.22109676907312353
0.2896136998003269,0.42052777238210887
0.9643628629690797,0.04630827587532527
0.29240686380620085,0.4139196044841552
0.38436692973572617,0.13422766678756218
0.7035734983901888,0.04971603305099842
0.2801118178102533,0.4831838696688185
0.25517248102500345,0.8534260124532261
0.4465001745382839,0.11535288360663212
0.3183306718838254,0.2793516918657015
0.293252025630692,0.32173703201367904
0.504188554060275,0.0736435721641604
0.34284236606564933,0.2785373274022535
0.5706174552632556,0.05791612045365828
0.27283825663909816,0.6125640117794865
0.36303676911118127,0.18238333635517778
0.26289017382402585,0.650269904604781
0.2868674537468711,0.46056874872918097
0.7624537162627818,0.048417759443547044
0.27553528151714946,0.5047003905033537
Generation 23
0.2896136998003269,0.42052777238210887
0.25517248102500345,0.8534260124532261
0.9174586080818415,0.05276382019712686
0.26890178956419625,0.6252249486235592
0.4888722388161113,0.08082499779590303
0.33330465949612215,0.26717930122839856
0.2739632635020888,0.5047003905033537
0.5851270440547345,0.07182869335832634
0.504188554060275,0.0736435721641604
0.34682130565256586,0.23877322229430198
0.7268960245912572,0.05998831808082365
0.4486794175300526,0.11345731375913477
0.590012053949428,0.07075600536166063
0.4530953637460076,0.09810357335085071
0.6296594194611665,0.060673865571439875
0.363534505233935,0.17048942595977215
0.27819530448124846,0.4831838696688185
0.25775505820655054,0.797999340877576
0.3281257688654574,0.276777733032885
0.4809502129105832,0.0827101197962468
0.9091970128848046,0.05557877830041487
0.3083637007923692,0.37906774430863094
0.30187803073445013,0.380368128182433
0.40201497234001443,0.11712168040250139
0.6386814195948836,0.06038635726798604
Generation 24
0.6499443159282774,0.050699900795240345
0.2896136998003269,0.42052777238210887
0.25775505820655054,0.797999340877576
0.26890178956419625,0.6252249486235592
0.27283825663909816,0.6125640117794865
0.3086451531918554,0.3066748618636091
0.363534505233935,0.17048942595977215
0.9640697537391287,0.04717913929093287
0.3183306718838254,0.2793516918657015
0.8662171032720483,0.04805225188527067
0.4454120458730942,0.09866860250911562
0.3005999126066756,0.3341801982152884
0.32550810952129844,0.18910986994542497
0.25517248102500345,0.8534260124532261
0.3105371082454114,0.29185432217197754
0.2863175107877578,0.46056874872918097
0.504188554060275,0.0736435721641604
0.38436692973572617,0.13422766678756218
0.27819530448124846,0.4831838696688185
0.40898172535498,0.11744269651721027
0.5681639016742589,0.05215148715918015
0.4809502129105832,0.0827101197962468
Generation 25
0.2863175107877578,0.46056874872918097
0.3105371082454114,0.29185432217197754
0.32550810952129844,0.18910986994542497
0.26289017382402585,0.650269904604781
0.2739632635020888,0.5047003905033537
0.5462202393914583,0.06821421303402822
0.402323987038196,0.12919140047551816
0.293252025630692,0.32173703201367904
0.2896136998003269,0.42052777238210887
0.25517248102500345,0.8534260124532261
0.25775505820655054,0.797999340877576
0.27751456389965845,0.5033415623585217
0.4635026118883154,0.0986302188843081
0.3658224815758842,0.16508260835892222
0.3183306718838254,0.2793516918657015
0.504188554060275,0.0736435721641604
0.26890178956419625,0.6252249486235592
0.4809502129105832,0.0827101197962468
0.58489424930471,0.067950413546124
0.2801118178102533,0.4831838696688185
0.3076064703743903,0.3066748618636091
0.670322962186629,0.05408609505182037
0.43715408931323463,0.10350346454060058
0.38436692973572617,0.13422766678756218
Generation 26
0.25517248102500345,0.8534260124532261
0.25775505820655054,0.797999340877576
0.33858404789081104,0.1886126224659337
0.32550810952129844,0.18910986994542497
0.49447384037730113,0.08143264630188028
0.26890178956419625,0.6252249486235592
0.293252025630692,0.32173703201367904
0.4314972398442683,0.11765558354364694
1.2722771505561172,0.04405992378835717
0.7420537703175691,0.0453267780832539
0.5884693748553554,0.046292717177776964
0.29240686380620085,0.4139196044841552
0.402323987038196,0.12919140047551816
0.36303676911118127,0.18238333635517778
0.38436692973572617,0.13422766678756218
0.31303410651169084,0.31449627839230243
0.5019842275483887,0.0710003158758676
0.363534505233935,0.17048942595977215
0.2801118178102533,0.4831838696688185
0.27314021224457136,0.6110390355371125
0.26289017382402585,0.650269904604781
0.4624312553380663,0.11753521057803698
Generation 27
0.3712858446848971,0.1262277472900245
0.293252025630692,0.32173703201367904
0.26289017382402585,0.650269904604781
0.2687914279651933,0.6252249486235592
0.25517248102500345,0.8534260124532261
0.4117555518236019,0.12604797057379188
0.33858404789081104,0.1886126224659337
0.4809502129105832,0.0827101197962468
0.27314021224457136,0.6110390355371125
0.42245828252376294,0.11470312189658986
0.3434473753332863,0.1639498470233775
0.2902102817257702,0.4139196044841552
0.27819530448124846,0.4831838696688185
0.2899538753417182,0.41800322970337256
0.3105371082454114,0.29185432217197754
0.2863175107877578,0.46056874872918097
0.5630033589290633,0.05157392848534271
0.5413216761498431,0.06124320575819385
0.25645042729612955,0.797999340877576
0.3183306718838254,0.2793516918657015
0.504188554060275,0.0736435721641604
Generation 28
0.37348818976800613,0.11627388997808322
0.2896136998003269,0.42052777238210887
0.25517248102500345,0.8534260124532261
0.27283825663909816,0.6125640117794865
0.31303410651169084,0.31449627839230243
0.3183306718838254,0.2793516918657015
0.25777925969348614,0.8199465821421805
0.2863175107877578,0.46056874872918097
0.293252025630692,0.32173703201367904
0.26890178956419625,0.6252249486235592
0.504188554060275,0.0736435721641604
0.2898499121392522,0.41800322970337256
0.32550810952129844,0.18910986994542497
0.5908340864777981,0.04325212806681229
0.4281077735354374,0.1017501523521284
0.26289017382402585,0.650269904604781
0.29240686380620085,0.4139196044841552
0.28156483157080225,0.48023217528683715
0.5664821714650986,0.06271408966578391
0.27819530448124846,0.4831838696688185
Generation 29
0.26289017382402585,0.650269904604781
0.2896136998003269,0.42052777238210887
0.33858404789081104,0.1886126224659337
0.25517248102500345,0.8534260124532261
0.2687914279651933,0.6252249486235592
0.32550810952129844,0.18910986994542497
0.4960441232115815,0.07138657446237352
0.43715408931323463,0.10350346454060058
0.3183306718838254,0.2793516918657015
0.38436692973572617,0.13422766678756218
0.293252025630692,0.32173703201367904
0.3105371082454114,0.29185432217197754
0.27314021224457136,0.6110390355371125
0.3086451531918554,0.3066748618636091
0.3724150052604282,0.16268527860812285
0.5630033589290633,0.05157392848534271
Generation 30
0.2896136998003269,0.42052777238210887
0.25517248102500345,0.8534260124532261
0.28156483157080225,0.48023217528683715
0.32550810952129844,0.18910986994542497
0.2739632635020888,0.5047003905033537
0.361460863914471,0.13253718676136686
0.4809502129105832,0.0827101197962468
0.504188554060275,0.0736435721641604
0.26289017382402585,0.650269904604781
0.32873664493794164,0.1886126224659337
0.43715408931323463,0.10350346454060058
0.4251097270690333,0.1303532375407288
0.3183306718838254,0.2793516918657015
0.5413216761498431,0.06124320575819385
0.293252025630692,0.32173703201367904
0.5908340864777981,0.04325212806681229
0.3105371082454114,0.29185432217197754
0.2687914279651933,0.6252249486235592
Generation 31
0.27819530448124846,0.4831838696688185
0.32550810952129844,0.18910986994542497
0.25645042729612955,0.797999340877576
0.5630033589290633,0.05157392848534271
0.26890178956419625,0.6252249486235592
0.37348818976800613,0.11627388997808322
0.28156483157080225,0.48023217528683715
0.4454120458730942,0.09866860250911562
0.2739632635020888,0.5047003905033537
0.3724150052604282,0.16268527860812285
0.32873664493794164,0.1886126224659337
0.27314021224457136,0.6110390355371125
0.25493279461394047,0.8534260124532261
0.5491192017276297,0.06250666144314028
0.504188554060275,0.0736435721641604
0.5838984345044773,0.042635699350281574
0.26289017382402585,0.650269904604781
0.36141156430131405,0.18241351387873117
0.4809502129105832,0.0827101197962468
Generation 32
0.6497387838655841,0.049869483737039005
0.2896136998003269,0.42052777238210887
0.293252025630692,0.32173703201367904
0.3674129159230345,0.11854022021529634
0.42245828252376294,0.11470312189658986
0.26890178956419625,0.6252249486235592
0.32550810952129844,0.18910986994542497
0.2899538753417182,0.41800322970337256
0.25517248102500345,0.8534260124532261
0.3183306718838254,0.2793516918657015
0.495015323895204,0.06733107664230971
0.28156483157080225,0.48023217528683715
0.4454120458730942,0.09866860250911562
0.26289017382402585,0.650269904604781
0.2739632635020888,0.5047003905033537
0.5724888844442756,0.05531793121406519
0.4809502129105832,0.0827101197962468
0.863394899511801,0.0411337988370572
0.27283825663909816,0.6125640117794865
0.2902102817257702,0.4139196044841552
Generation 33
0.293252025630692,0.32173703201367904
0.2807157843960278,0.48023217528683715
0.5413216761498431,0.06124320575819385
0.26289017382402585,0.650269904604781
0.5908340864777981,0.04325212806681229
0.5019842275483887,0.0710003158758676
0.25517248102500345,0.8534260124532261
0.2899538753417182,0.41800322970337256
0.4352529532092916,0.12535753023556775
0.26890178956419625,0.6252249486235592
0.35170699267039074,0.1829762894716069
0.32550810952129844,0.18910986994542497
0.3651637014503459,0.15552874337042968
0.4530953637460076,0.09810357335085071
0.3105371082454114,0.29185432217197754
0.40290023907740247,0.12603241000160328
0.4809502129105832,0.0827101197962468
0.2902102817257702,0.4139196044841552
0.3183306718838254,0.2793516918657015
0.3684654403887948,0.14871363169593116
0.4454120458730942,0.09866860250911562
Generation 34
0.293252025630692,0.32173703201367904
0.2896136998003269,0.42052777238210887
0.32550810952129844,0.18910986994542497
0.2863175107877578,0.46056874872918097
0.2902102817257702,0.4139196044841552
0.26890178956419625,0.6252249486235592
0.27314021224457136,0.6110390355371125
0.25645042729612955,0.797999340877576
0.37348818976800613,0.11627388997808322
0.26289017382402585,0.650269904604781
0.27819530448124846,0.4831838696688185
0.863394899511801,0.0411337988370572
0.540375096534729,0.06124320575819385
0.33547087075088794,0.16964638970441706
0.32873664493794164,0.1886126224659337
0.5727616217799475,0.0588333462653324
0.42245828252376294,0.11470312189658986
0.2739632635020888,0.5047003905033537
0.4475154507501643,0.09642622053025526
0.4809502129105832,0.0827101197962468
0.7143504531019476,0.0425606506439786
Generation 35
0.27751456389965845,0.5033415623585217
0.26890178956419625,0.6252249486235592
0.33736637952283277,0.17635919084953344
0.5630033589290633,0.05157392848534271
0.293252025630692,0.32173703201367904
0.4809502129105832,0.0827101197962468
0.31063020965350147,0.24093871094005676
0.4888722388161113,0.08082499779590303
0.2899538753417182,0.41800322970337256
0.863394899511801,0.0411337988370572
0.4475154507501643,0.09642622053025526
0.4960441232115815,0.07138657446237352
0.3105371082454114,0.29185432217197754
0.2807157843960278,0.48023217528683715
0.5413216761498431,0.06124320575819385
0.35191825555289663,0.1315743945893663
0.3086451531918554,0.3066748618636091
0.7356059140802135,0.04785384475874125
0.2902102817257702,0.4139196044841552
0.25645042729612955,0.797999340877576
0.7897864574960158,0.04700167226197371
0.33658249879878815,0.1925476894537446
Generation 36
0.32550810952129844,0.18910986994542497
0.26289017382402585,0.650269904604781
0.2899538753417182,0.41800322970337256
0.3686776414194247,0.1468682440145868
0.5019842275483887,0.0710003158758676
0.27314021224457136,0.6110390355371125
0.2896136998003269,0.42052777238210887
0.2687914279651933,0.6252249486235592
1.0038368346110509,0.03791002003295369
0.3105371082454114,0.29185432217197754
0.4246444412448848,0.0761232542508777
0.2807157843960278,0.48023217528683715
0.42221354083111123,0.0961709769262052
0.293252025630692,0.32173703201367904
0.5630033589290633,0.05157392848534271
0.3188572480370756,0.28962891194877366
0.3076064703743903,0.3066748618636091
0.2776517999500545,0.5036760545341696
0.25645042729612955,0.797999340877576
0.3434473753332863,0.1639498470233775
Generation 37
0.2739632635020888,0.5047003905033537
0.3105371082454114,0.29185432217197754
0.25645042729612955,0.797999340877576
0.2896136998003269,0.42052777238210887
0.4224875393586518,0.10543574886310651
0.26289017382402585,0.650269904604781
0.26890178956419625,0.6252249486235592
0.293252025630692,0.32173703201367904
0.42245828252376294,0.11470312189658986
0.495015323895204,0.06733107664230971
0.5630033589290633,0.05157392848534271
0.27283825663909816,0.6125640117794865
0.3076064703743903,0.3066748618636091
0.3719115564841607,0.12827369239920708
0.4246444412448848,0.0761232542508777
Generation 38
0.2896136998003269,0.42052777238210887
0.293252025630692,0.32173703201367904
0.26289017382402585,0.650269904604781
0.5630033589290633,0.05157392848534271
0.2902102817257702,0.4139196044841552
0.25645042729612955,0.797999340877576
0.3549853205200502,0.15258899171302828
0.2984147837874794,0.31068047158187334
0.27314021224457136,0.6110390355371125
0.31027232164575874,0.29185432217197754
0.32550810952129844,0.18910986994542497
0.2899538753417182,0.41800322970337256
0.32873664493794164,0.1886126224659337
0.4224875393586518,0.10543574886310651
0.4246444412448848,0.0761232542508777
0.26890178956419625,0.6252249486235592
0.33900197906162716,0.1829756216075508
0.540375096534729,0.06124320575819385
0.27819530448124846,0.4831838696688185
0.2739632635020888,0.5047003905033537
0.2863175107877578,0.46056874872918097
Generation 39
0.26890178956419625,0.6252249486235592
0.42245828252376294,0.11470312189658986
0.26289017382402585,0.650269904604781
0.29195607070007923,0.4087027588736788
0.5630033589290633,0.05157392848534271
0.31063020965350147,0.24093871094005676
0.2807157843960278,0.48023217528683715
0.25645042729612955,0.797999340877576
0.37348818976800613,0.11627388997808322
0.2739632635020888,0.5047003905033537
0.5838984345044773,0.042635699350281574
0.4950013247647421,0.07738809649597007
0.32873664493794164,0.1886126224659337
0.540375096534729,0.06124320575819385
0.3434473753332863,0.1639498470233775
0.4311508210219494,0.07992936729003773
0.2921238873270566,0.32173703201367904
Generation 40
0.25645042729612955,0.797999340877576
0.27314021224457136,0.6110390355371125
0.26289017382402585,0.650269904604781
0.2739632635020888,0.5047003905033537
0.5838984345044773,0.042635699350281574
0.26377136427657505,0.648425560314692
0.2687914279651933,0.6252249486235592
0.32873664493794164,0.1886126224659337
0.27819530448124846,0.4831838696688185
0.3146285131094909,0.2585458928884909
0.5630033589290633,0.05157392848534271
0.27283825663909816,0.6125640117794865
0.29289124603308836,0.38874682188870213
0.4530674973720327,0.10149562852725087
0.29392281594766173,0.3690778361575388
0.38557472958896816,0.12961177988391606
0.4303626214309426,0.11367446145692843
0.2863175107877578,0.46056874872918097
0.3645921308747577,0.1621879006824535
0.3532202862010039,0.18724511706208957
0.49792764189238836,0.0710003158758676
0.2898720901337306,0.40669652269125905
0.540375096534729,0.06124320575819385
0.4759936268793513,0.09923989191368889
Generation 41
0.37348818976800613,0.11627388997808322
0.4246444412448848,0.0761232542508777
0.26377136427657505,0.648425560314692
0.5908340864777981,0.04325212806681229
0.25645042729612955,0.797999340877576
0.293252025630692,0.32173703201367904
0.27283825663909816,0.6125640117794865
0.2882249985218139,0.42052777238210887
0.5519126832565449,0.05683131175630616
0.31063020965350147,0.24093871094005676
0.2687914279651933,0.6252249486235592
0.2776517999500545,0.5036760545341696
0.4224875393586518,0.10543574886310651
0.32550810952129844,0.18910986994542497
0.2807157843960278,0.48023217528683715
Generation 42
0.2739632635020888,0.5047003905033537
0.27283825663909816,0.6125640117794865
0.2899538753417182,0.41800322970337256
0.5633957353519418,0.05569919744121851
0.5276736083000072,0.05780865812086591
0.31063020965350147,0.24093871094005676
0.293252025630692,0.32173703201367904
0.26377136427657505,0.648425560314692
0.4864959698141,0.0711745439578214
0.49908403992855865,0.061105831524914826
0.2984147837874794,0.31068047158187334
0.32550810952129844,0.18910986994542497
0.27819530448124846,0.4831838696688185
0.4246444412448848,0.0761232542508777
0.37348818976800613,0.11627388997808322
0.2687914279651933,0.6252249486235592
0.7154463252197883,0.041927653591781314
0.4224875393586518,0.10543574886310651
0.25645042729612955,0.797999340877576
Generation 43
0.27819530448124846,0.4831838696688185
0.25645042729612955,0.797999340877576
0.4224875393586518,0.10543574886310651
0.2739632635020888,0.5047003905033537
0.2687914279651933,0.6252249486235592
0.37348818976800613,0.11627388997808322
0.27283825663909816,0.6125640117794865
0.31319942565203374,0.2391639203550048
0.495015323895204,0.06733107664230971
0.26289017382402585,0.650269904604781
0.3076064703743903,0.3066748618636091
0.42245828252376294,0.11470312189658986
0.3549853205200502,0.15258899171302828
0.2899538753417182,0.41800322970337256
0.5630033589290633,0.05157392848534271
0.2921238873270566,0.32173703201367904
0.25493279461394047,0.8534260124532261
0.27751456389965845,0.5033415623585217
0.3434473753332863,0.1639498470233775
0.2902102817257702,0.4139196044841552
Generation 44
0.5838984345044773,0.042635699350281574
0.2896136998003269,0.42052777238210887
0.2739632635020888,0.5047003905033537
0.4619409595700468,0.10472845692362773
0.26289017382402585,0.650269904604781
0.5630033589290633,0.05157392848534271
0.4744755519833064,0.0954074330554936
0.25517248102500345,0.8534260124532261
0.5171357614388898,0.08408194036894655
0.25645042729612955,0.797999340877576
0.2921238873270566,0.32173703201367904
0.2687914279651933,0.6252249486235592
0.27283825663909816,0.6125640117794865
0.2863175107877578,0.46056874872918097
0.40761405852117066,0.1114064116635173
0.27819530448124846,0.4831838696688185
Generation 45
0.26289017382402585,0.650269904604781
0.5022401923661236,0.06608076052944374
0.25645042729612955,0.797999340877576
0.2896136998003269,0.42052777238210887
0.2739632635020888,0.5047003905033537
0.32873664493794164,0.1886126224659337
0.27819530448124846,0.4831838696688185
0.37348818976800613,0.11627388997808322
0.3434473753332863,0.1639498470233775
0.4246444412448848,0.0761232542508777
0.5630033589290633,0.05157392848534271
0.9691121609950074,0.039683461338414674
0.2687914279651933,0.6252249486235592
0.32550810952129844,0.18910986994542497
0.39887822112139304,0.09887753028306939
0.495015323895204,0.06733107664230971
Generation 46
0.25645042729612955,0.797999340877576
0.26289017382402585,0.650269904604781
0.3817072574836377,0.0940553213649353
0.5630033589290633,0.05157392848534271
0.42420884764138944,0.09400355871167308
0.31063020965350147,0.24093871094005676
0.2739632635020888,0.5047003905033537
0.5884693748553554,0.046292717177776964
0.32873664493794164,0.1886126224659337
0.8149390353570459,0.04043220973544756
0.26377136427657505,0.648425560314692
0.3549853205200502,0.15258899171302828
0.46126528494718233,0.09259598153435948
0.37348818976800613,0.11627388997808322
0.5500855872843863,0.05968312488744866
0.2807157843960278,0.48023217528683715
0.495015323895204,0.06733107664230971
0.2899538753417182,0.41800322970337256
0.37733735140349767,0.11413067196302011
0.2735404902886616,0.6061993127673946
0.722861384935265,0.04176469285676333
0.464532373237717,0.0819742917428415
Generation 47
0.26289017382402585,0.650269904604781
0.2739632635020888,0.5047003905033537
0.5630033589290633,0.05157392848534271
0.2896136998003269,0.42052777238210887
0.49792764189238836,0.0710003158758676
0.2863175107877578,0.46056874872918097
0.7303245161863807,0.040124630873814154
0.30538001639897533,0.4119345872673082
0.4246444412448848,0.0761232542508777
0.25645042729612955,0.797999340877576
0.37348818976800613,0.11627388997808322
0.2797305186696236,0.5017204101904212
0.5838984345044773,0.042635699350281574
Generation 48
0.32550810952129844,0.18910986994542497
0.5630033589290633,0.05157392848534271
0.2921238873270566,0.32173703201367904
0.3076064703743903,0.3066748618636091
0.722861384935265,0.04176469285676333
0.3434473753332863,0.1639498470233775
0.25645042729612955,0.797999340877576
0.5761783044511238,0.045568826039014236
0.2687914279651933,0.6252249486235592
0.27819530448124846,0.4831838696688185
0.37733735140349767,0.11413067196302011
0.27314021224457136,0.6110390355371125
0.31063020965350147,0.24093871094005676
0.4246444412448848,0.0761232542508777
0.37189293587908673,0.12008843966275459
0.2739632635020888,0.5047003905033537
0.26377136427657505,0.648425560314692
0.5099017648340931,0.07522898038058469
Generation 49
0.5630033589290633,0.05157392848534271
0.37348818976800613,0.11627388997808322
0.5564816488912306,0.0518819155772319
0.25645042729612955,0.797999340877576
0.29392024645997883,0.39412201791458573
0.32550810952129844,0.18910986994542497
0.2687914279651933,0.6252249486235592
0.5947647092102786,0.040770872810742056
0.26377136427657505,0.648425560314692
0.3434473753332863,0.1639498470233775
0.31063020965350147,0.24093871094005676
0.4246444412448848,0.0761232542508777
0.49716614714561036,0.06577666616007886
0.5224929473940068,0.05558569355986126
0.5797083291256392,0.04873027335081244
0.2739632635020888,0.5047003905033537
0.2735404902886616,0.6061993127673946
0.3817072574836377,0.0940553213649353
0.3076064703743903,0.3066748618636091
0.27819530448124846,0.4831838696688185
0.7326977629133492,0.03681385333320717
0.495015323895204,0.06733107664230971
0.2882249985218139,0.42052777238210887
0.31319942565203374,0.2391639203550048
Generation 50
0.2739632635020888,0.5047003905033537
0.3076064703743903,0.3066748618636091
0.37348818976800613,0.11627388997808322
0.32550810952129844,0.18910986994542497
0.5630033589290633,0.05157392848534271
0.8781092460551384,0.03370488791020688
0.596329906337278,0.04763088987348832
0.27819530448124846,0.4831838696688185
0.5165202817873218,0.05917660864232876
0.3817072574836377,0.0940553213649353
0.25645042729612955,0.797999340877576
0.2984147837874794,0.31068047158187334
0.2687914279651933,0.6252249486235592
0.2921238873270566,0.32173703201367904
0.4656508397264413,0.0645961051131513
0.4269909838517543,0.09060186140145526
0.26377136427657505,0.648425560314692
Generation 51
0.2739632635020888,0.5047003905033537
0.25645042729612955,0.797999340877576
0.27819530448124846,0.4831838696688185
0.32550810952129844,0.18910986994542497
0.4246444412448848,0.0761232542508777
0.4930844330105686,0.057026429705331595
0.3076064703743903,0.3066748618636091
0.31319942565203374,0.2391639203550048
0.25493279461394047,0.8534260124532261
0.3434473753332863,0.1639498470233775
0.2921238873270566,0.32173703201367904
0.26377136427657505,0.648425560314692
0.4656508397264413,0.0645961051131513
0.37348818976800613,0.11627388997808322
0.5443043291296543,0.04048867972959606
0.2735404902886616,0.6061993127673946
Generation 52
0.26289017382402585,0.650269904604781
0.25645042729612955,0.797999340877576
0.7187199176853202,0.03828002175182194
0.30074506944205376,0.45198682370370113
0.26904452653983607,0.6252249486235592
0.4246444412448848,0.0761232542508777
0.2739632635020888,0.5047003905033537
0.3332189902606355,0.23687775346422696
0.4741525158844589,0.06865170029478375
0.37348818976800613,0.11627388997808322
0.3076064703743903,0.3066748618636091
0.4930844330105686,0.057026429705331595
0.27819530448124846,0.4831838696688185
Generation 53
0.25645042729612955,0.797999340877576
0.2687914279651933,0.6252249486235592
0.2984147837874794,0.31068047158187334
0.26377136427657505,0.648425560314692
0.513816217811921,0.05222385153434198
0.258152480008767,0.7896949977369376
0.25493279461394047,0.8534260124532261
0.2739632635020888,0.5047003905033537
0.7187199176853202,0.03828002175182194
0.4246444412448848,0.0761232542508777
0.27819530448124846,0.4831838696688185
0.3076064703743903,0.3066748618636091
0.37348818976800613,0.11627388997808322
0.47185586797688095,0.07326144277935286
0.29356131167072474,0.4148998431408454
0.28058662161983716,0.46200872305113266
Generation 54
0.27819530448124846,0.4831838696688185
0.3434473753332863,0.1639498470233775
0.26289017382402585,0.650269904604781
0.4246444412448848,0.0761232542508777
0.2916345943478653,0.326564033025241
0.25645042729612955,0.797999340877576
0.7326977629133492,0.03681385333320717
0.27751456389965845,0.5033415623585217
0.3076064703743903,0.3066748618636091
0.5078133378926076,0.05915242116080408
0.47099049208678256,0.07069345038759038
0.7194848373455308,0.05513504306385024
0.32873664493794164,0.1886126224659337
0.32550238687536964,0.18910986994542497
Generation 55
0.2739632635020888,0.5047003905033537
0.37733735140349767,0.11413067196302011
0.26289017382402585,0.650269904604781
0.32873664493794164,0.1886126224659337
0.37348818976800613,0.11627388997808322
0.2687914279651933,0.6252249486235592
0.513816217811921,0.05222385153434198
0.4246444412448848,0.0761232542508777
0.2975531362953625,0.29949653505456875
0.27712223474626146,0.48072026524942546
0.3434473753332863,0.1639498470233775
0.3817072574836377,0.0940553213649353
0.25645042729612955,0.797999340877576
Generation 56
0.31063020965350147,0.24093871094005676
0.2687914279651933,0.6252249486235592
0.25645042729612955,0.797999340877576
0.6793110896650988,0.045086258189896186
0.2921238873270566,0.32173703201367904
0.3434473753332863,0.1639498470233775
0.32873664493794164,0.1886126224659337
0.4246444412448848,0.0761232542508777
0.37348818976800613,0.11627388997808322
0.2776517999500545,0.5036760545341696
0.5006431194169014,0.06682250902209168
0.5853829426859309,0.06572729727718916
0.6569450319713485,0.049885849075960054
Generation 57
0.3362908003245617,0.1889426622666606
0.2687914279651933,0.6252249486235592
0.25645042729612955,0.797999340877576
0.2739632635020888,0.5047003905033537
0.4865614928738252,0.05854940171784764
0.8781092460551384,0.03370488791020688
0.4246444412448848,0.0761232542508777
0.28058662161983716,0.46200872305113266
0.37348818976800613,0.11627388997808322
0.2921238873270566,0.32173703201367904
0.2975531362953625,0.29949653505456875
0.31319942565203374,0.2391639203550048
0.26377136427657505,0.648425560314692
0.48134803307122953,0.06728797807226616
Generation 58
0.25645042729612955,0.797999340877576
0.37348818976800613,0.11627388997808322
0.5132222266546257,0.05307184165208512
0.4930844330105686,0.057026429705331595
0.2921238873270566,0.32173703201367904
0.4246444412448848,0.0761232542508777
0.25493279461394047,0.8534260124532261
0.2687914279651933,0.6252249486235592
0.31983133037911765,0.2538027093208222
0.3434473753332863,0.1639498470233775
0.3817072574836377,0.0940553213649353
0.2735404902886616,0.6061993127673946
0.8781092460551384,0.03370488791020688
0.2913615002487164,0.4645235751270815
Generation 59
0.37733735140349767,0.11413067196302011
0.3817072574836377,0.0940553213649353
0.27115920818382544,0.45443407574549566
0.4246444412448848,0.0761232542508777
0.37348818976800613,0.11627388997808322
0.31063020965350147,0.24093871094005676
0.3532625606201422,0.20996697216980661
0.2921238873270566,0.32173703201367904
0.25645042729612955,0.797999340877576
0.2687914279651933,0.6252249486235592
0.7187199176853202,0.03828002175182194
0.4702470520174911,0.0715752040569285
0.25493279461394047,0.8534260124532261
0.26285488695777703,0.6473003355407532
Generation 60
0.2739632635020888,0.5047003905033537
0.3817072574836377,0.0940553213649353
0.25645042729612955,0.797999340877576
0.31063020965350147,0.24093871094005676
0.37348818976800613,0.11627388997808322
0.26289017382402585,0.650269904604781
0.32873664493794164,0.1886126224659337
0.30019319834735964,0.4507004267468605
0.513816217811921,0.05222385153434198
0.37733735140349767,0.11413067196302011
0.4246444412448848,0.0761232542508777
0.2571057252633732,0.7967295819049985
0.7326977629133492,0.03681385333320717
0.25493279461394047,0.8534260124532261
0.2687914279651933,0.6252249486235592
Generation 61
0.37733735140349767,0.11413067196302011
0.37348818976800613,0.11627388997808322
0.2739632635020888,0.5047003905033537
0.25645042729612955,0.797999340877576
0.6609903785856983,0.04618322073592303
0.28130163111348283,0.5020680371086959
0.3817072574836377,0.0940553213649353
0.4246444412448848,0.0761232542508777
0.31063020965350147,0.24093871094005676
0.2687914279651933,0.6252249486235592
0.3434473753332863,0.1639498470233775
0.4639518569075907,0.05174662606523459
0.2882249985218139,0.42052777238210887
0.38876903469988516,0.09205119926862773
0.2921238873270566,0.32173703201367904
Generation 62
0.4246444412448848,0.0761232542508777
0.25645042729612955,0.797999340877576
0.25493279461394047,0.8534260124532261
0.37348818976800613,0.11627388997808322
0.37733735140349767,0.11413067196302011
0.2882249985218139,0.42052777238210887
0.2739632635020888,0.5047003905033537
0.2687914279651933,0.6252249486235592
0.2921238873270566,0.32173703201367904
0.31063020965350147,0.24093871094005676
0.3434473753332863,0.1639498470233775
0.8781092460551384,0.03370488791020688
Generation 63
0.5132222266546257,0.05307184165208512
0.25645042729612955,0.797999340877576
0.37348818976800613,0.11627388997808322
0.2687914279651933,0.6252249486235592
0.25845217029973305,0.794310652297398
0.25493279461394047,0.8534260124532261
0.4656508397264413,0.0645961051131513
0.5472100321699236,0.03653859882569974
Generation 64
0.25645042729612955,0.797999340877576
0.25493279461394047,0.8534260124532261
0.258152480008767,0.7896949977369376
0.2647868780516145,0.6076048369862358
0.4639518569075907,0.05174662606523459
0.26285488695777703,0.6473003355407532
0.2921238873270566,0.32173703201367904
0.31063020965350147,0.24093871094005676
0.4246444412448848,0.0761232542508777
0.2764425324311051,0.5139543319148813
0.29044818189784805,0.4827286815340063
0.36865260684209517,0.16037372169994576
0.37348818976800613,0.11627388997808322
Generation 65
0.37348818976800613,0.11627388997808322
0.25645042729612955,0.797999340877576
0.31063020965350147,0.24093871094005676
0.4639518569075907,0.05174662606523459
0.3434473753332863,0.1639498470233775
0.2571057252633732,0.7967295819049985
0.4246444412448848,0.0761232542508777
0.3817072574836377,0.0940553213649353
Generation 66
0.25645042729612955,0.797999340877576
0.37348818976800613,0.11627388997808322
0.25493279461394047,0.8534260124532261
0.5472100321699236,0.03653859882569974
0.38876903469988516,0.09205119926862773
0.4246444412448848,0.0761232542508777
0.25809021144052996,0.7945468434830624
0.2703890478654986,0.625311463633054
0.37219952013064334,0.2362232074168387
0.2882249985218139,0.42052777238210887
0.282740946101276,0.5043202677378193
0.3057373832110636,0.3743980283534829
Generation 67
0.25645042729612955,0.797999340877576
0.37348818976800613,0.11627388997808322
0.31319942565203374,0.2391639203550048
0.4246444412448848,0.0761232542508777
0.3434473753332863,0.1639498470233775
0.38876903469988516,0.09205119926862773
0.2584887861611334,0.7896949977369376
0.2882249985218139,0.42052777238210887
0.28515623113970245,0.4783204689396381
0.41959441487521776,0.08430853426035737
Generation 68
0.25645042729612955,0.797999340877576
0.27115920818382544,0.45443407574549566
0.5472100321699236,0.03653859882569974
0.25493279461394047,0.8534260124532261
0.4830272692206908,0.0635063138021879
0.4246444412448848,0.0761232542508777
0.32873664493794164,0.1886126224659337
0.37348818976800613,0.11627388997808322
0.2571057252633732,0.7967295819049985
0.31319942565203374,0.2391639203550048
Generation 69
0.2562329687054789,0.7896949977369376
0.2882249985218139,0.42052777238210887
0.4246444412448848,0.0761232542508777
0.37348818976800613,0.11627388997808322
0.31319942565203374,0.2391639203550048
0.2921238873270566,0.32173703201367904
0.3434473753332863,0.1639498470233775
0.2586224866785028,0.7889898142831807
0.2784585641573999,0.683486980200261
Generation 70
0.3817072574836377,0.0940553213649353
0.25645042729612955,0.797999340877576
0.2899538753417182,0.41800322970337256
0.37348818976800613,0.11627388997808322
0.32873664493794164,0.1886126224659337
0.31063020965350147,0.24093871094005676
0.2921238873270566,0.32173703201367904
0.37733735140349767,0.11413067196302011
0.27115920818382544,0.45443407574549566
0.25493279461394047,0.8534260124532261
0.2586224866785028,0.7889898142831807
0.43023251801224205,0.0751777360944951
0.3957548422315497,0.08821064307554126
0.6151920776980693,0.04012312328189139
0.39470546831050746,0.0918635855612089
0.6246542094524467,0.031568386204306804
Generation 71
0.37348818976800613,0.11627388997808322
0.4639518569075907,0.05174662606523459
0.4246444412448848,0.0761232542508777
0.2562329687054789,0.7896949977369376
0.2921238873270566,0.32173703201367904
0.3817072574836377,0.0940553213649353
0.47063943760992544,0.04963566135773368
0.31063020965350147,0.24093871094005676
0.31918831325408353,0.23773167713316745
0.32873664493794164,0.1886126224659337
0.39470546831050746,0.0918635855612089
0.27115920818382544,0.45443407574549566
Generation 72
0.25645042729612955,0.797999340877576
0.4246444412448848,0.0761232542508777
0.37348818976800613,0.11627388997808322
0.2882249985218139,0.42052777238210887
0.37733735140349767,0.11413067196302011
0.31063020965350147,0.24093871094005676
0.5298020316488807,0.035811439373508634
0.3817072574836377,0.0940553213649353
0.2586224866785028,0.7889898142831807
0.25493279461394047,0.8534260124532261
0.2921238873270566,0.32173703201367904
0.3434473753332863,0.1639498470233775
0.45877305890944947,0.04799529303417403
0.2857261793874685,0.49511969466191313
0.2823552534476281,0.5464389711067869
Generation 73
0.37348818976800613,0.11627388997808322
0.25493279461394047,0.8534260124532261
0.2921238873270566,0.32173703201367904
0.48757164576657136,0.05101946661304348
0.42331978689027705,0.07130206031140818
0.31063020965350147,0.24093871094005676
0.2975531362953625,0.29949653505456875
0.2882249985218139,0.42052777238210887
0.3434473753332863,0.1639498470233775
0.2586224866785028,0.7889898142831807
0.5777750679349222,0.039618184059099275
0.4556692261776972,0.05672146813010455
0.561363131856535,0.042570158007037125
0.44192002862772595,0.06601845311350975
Generation 74
0.37348818976800613,0.11627388997808322
0.31063020965350147,0.24093871094005676
0.3817072574836377,0.0940553213649353
0.27641961328845227,0.5295742280761707
0.42331978689027705,0.07130206031140818
0.3434473753332863,0.1639498470233775
0.2899538753417182,0.41800322970337256
0.2757812594070082,0.5645851460216176
0.4685895010004377,0.06830845520006193
0.2921238873270566,0.32173703201367904
0.6681803402370676,0.0357266900881998
0.49351833184139804,0.056736881015816025
Generation 75
0.37348818976800613,0.11627388997808322
0.25791820128401943,0.7806854711425422
0.25645042729612955,0.797999340877576
0.31063020965350147,0.24093871094005676
0.2921238873270566,0.32173703201367904
0.27115920818382544,0.45443407574549566
0.4730153020057965,0.07637097617108071
0.37733735140349767,0.11413067196302011
0.32873664493794164,0.1886126224659337
0.5181505244737997,0.0657465818406668
0.25493279461394047,0.8534260124532261
0.3817072574836377,0.0940553213649353
Generation 76
0.31063020965350147,0.24093871094005676
0.26947024566357214,0.6971284964179622
0.37348818976800613,0.11627388997808322
0.2921238873270566,0.32173703201367904
0.37733735140349767,0.11413067196302011
0.25493279461394047,0.8534260124532261
0.2562329687054789,0.7896949977369376
0.4523306085254405,0.07497586513864189
Generation 77
0.37733735140349767,0.11413067196302011
0.37348818976800613,0.11627388997808322
0.31063020965350147,0.24093871094005676
0.41615070139155746,0.08257876139751058
0.4094628812217356,0.08515063439697496
0.3434473753332863,0.1639498470233775
0.44192002862772595,0.06601845311350975
0.25493279461394047,0.8534260124532261
0.32873664493794164,0.1886126224659337
0.3188264784399527,0.23773167713316745
0.2921238873270566,0.32173703201367904
Generation 78
0.3817072574836377,0.0940553213649353
0.31063020965350147,0.24093871094005676
0.37348818976800613,0.11627388997808322
0.3434473753332863,0.1639498470233775
0.2921238873270566,0.32173703201367904
0.31918831325408353,0.23773167713316745
0.37733735140349767,0.11413067196302011
0.521774405042493,0.050353127874383945
0.26285488695777703,0.6473003355407532
Generation 79
0.31063020965350147,0.24093871094005676
0.2921238873270566,0.32173703201367904
0.3434473753332863,0.1639498470233775
0.25493279461394047,0.8534260124532261
0.27115920818382544,0.45443407574549566
0.3939847767899158,0.08576452246549966
0.37733735140349767,0.11413067196302011
0.5888688591528254,0.04254528044420838
0.2882249985218139,0.42052777238210887
0.42331978689027705,0.07130206031140818
0.26285488695777703,0.6473003355407532
0.32873664493794164,0.1886126224659337
0.31319942565203374,0.2391639203550048
0.3775172649052719,0.09086896293557106
0.2975531362953625,0.29949653505456875
0.3728235929652004,0.11627388997808322
0.4570601051566484,0.04638470681131419
0.4282994750115492,0.07058640777304216
Generation 80
0.37733735140349767,0.11413067196302011
0.37348818976800613,0.11627388997808322
0.2975531362953625,0.29949653505456875
0.31063020965350147,0.24093871094005676
0.3434473753332863,0.1639498470233775
0.5649430065267731,0.049290753785416586
0.2871527968741166,0.5688824065927266
0.32873664493794164,0.1886126224659337
0.2892327683766292,0.32173703201367904
Generation 81
0.37348818976800613,0.11627388997808322
0.37733735140349767,0.11413067196302011
0.25493279461394047,0.8534260124532261
0.31063020965350147,0.24093871094005676
0.3434473753332863,0.1639498470233775
0.26285488695777703,0.6473003355407532
0.2975531362953625,0.29949653505456875
0.4570601051566484,0.04638470681131419
0.2882249985218139,0.42052777238210887
0.32873664493794164,0.1886126224659337
0.31319942565203374,0.2391639203550048
0.3242192182952855,0.18910986994542497
Generation 82
0.37733735140349767,0.11413067196302011
0.37348818976800613,0.11627388997808322
0.6323342063343317,0.058534237319894204
0.31063020965350147,0.24093871094005676
0.41552034792187004,0.08018582863041229
0.3434473753332863,0.1639498470233775
0.26285488695777703,0.6473003355407532
0.3817072574836377,0.0940553213649353
0.38835926863320835,0.08947559334914049
0.4085892745165938,0.08478127439893224
0.3142094530658761,0.2356129377320852
0.2882249985218139,0.42052777238210887
0.2921238873270566,0.32173703201367904
0.5292929337900446,0.058920244892185225
Generation 83
0.4282994750115492,0.07058640777304216
0.3434473753332863,0.1639498470233775
0.31063020965350147,0.24093871094005676
0.2975531362953625,0.29949653505456875
0.26285488695777703,0.6473003355407532
0.41552034792187004,0.08018582863041229
0.37733735140349767,0.11413067196302011
0.25484156097883753,0.8515337336029811
0.4718947486456257,0.04781202094936806
0.4863034924111058,0.04638470681131419
0.2866382520219474,0.47431339788031307
0.3152734418608397,0.23628705478049886
0.2562329687054789,0.7896949977369376
Generation 84
0.37348818976800613,0.11627388997808322
0.38835926863320835,0.08947559334914049
0.31063020965350147,0.24093871094005676
0.32873664493794164,0.1886126224659337
0.37733735140349767,0.11413067196302011
0.2882249985218139,0.42052777238210887
0.3397180699547099,0.1639498470233775
0.26285488695777703,0.6473003355407532
0.4970788869150525,0.04212602574408241
0.4581458396327842,0.04787749885846174
0.41552034792187004,0.08018582863041229
0.4282994750115492,0.07058640777304216
0.31319942565203374,0.2391639203550048
Generation 85
0.31063020965350147,0.24093871094005676
0.44192002862772595,0.06601845311350975
0.3434473753332863,0.1639498470233775
0.32873664493794164,0.1886126224659337
0.4214539123846344,0.08126753870839085
0.4570601051566484,0.04638470681131419
0.3817072574836377,0.0940553213649353
0.2899538753417182,0.41800322970337256
0.3142094530658761,0.2356129377320852
0.25791820128401943,0.7806854711425422
Generation 86
0.31063020965350147,0.24093871094005676
0.25493279461394047,0.8534260124532261
0.2892327683766292,0.32173703201367904
0.2975531362953625,0.29949653505456875
0.3264566103996915,0.17044802387477517
0.2882249985218139,0.42052777238210887
0.4972987622128237,0.04049250951273018
0.37300884063940004,0.08920316469240912
0.3142094530658761,0.2356129377320852
0.31319942565203374,0.2391639203550048
0.44192002862772595,0.06601845311350975
0.27115920818382544,0.45443407574549566
0.25791820128401943,0.7806854711425422
0.42331978689027705,0.07130206031140818
0.4581458396327842,0.04787749885846174
Generation 87
0.3142094530658761,0.2356129377320852
0.3728235929652004,0.11627388997808322
0.27115920818382544,0.45443407574549566
0.2562329687054789,0.7896949977369376
0.6830265849983436,0.04477475354489677
0.26285488695777703,0.6473003355407532
0.3284372722564511,0.17894734471467633
0.2975531362953625,0.29949653505456875
0.4581458396327842,0.04787749885846174
0.4397984686487875,0.06416461238501245
0.34780112882360953,0.16432302476789254
0.37851700069503,0.11413067196302011
0.387257987959717,0.11015347779691603
0.2968229614649268,0.3946006994039985
0.2882249985218139,0.42052777238210887
0.25484156097883753,0.8515337336029811
0.345132294266084,0.16715995447214824
0.4132316764589939,0.07980933715220517
0.29499969903552153,0.41897132658290753
Generation 88
0.26756744782016073,0.6351058287401902
0.26285488695777703,0.6473003355407532
0.3342843057118976,0.16554598794662165
0.30933870755581755,0.22090684788864864
0.25493279461394047,0.8534260124532261
0.4570601051566484,0.04638470681131419
0.2921238873270566,0.32173703201367904
0.4576073147569321,0.04467527694611719
0.2562329687054789,0.7896949977369376
0.3434473753332863,0.1639498470233775
0.2823344545822928,0.48363647455811437
0.32938509557976253,0.17925552455191704
0.2975531362953625,0.29949653505456875
0.33292045548118904,0.16996111993758875
0.25599658832978955,0.7906271003934705
0.2757251105615773,0.5506266294208123
0.4085892745165938,0.08478127439893224
0.42331978689027705,0.07130206031140818
0.3728235929652004,0.11627388997808322
0.287798013982994,0.41401415231303007
Generation 89
0.31063020965350147,0.24093871094005676
0.3142094530658761,0.2356129377320852
0.2882249985218139,0.42052777238210887
0.31308998191407345,0.2391639203550048
0.42331978689027705,0.07130206031140818
0.25496993773958365,0.8472937830142654
0.25484156097883753,0.8515337336029811
0.35191825555289663,0.1315743945893663
0.26285488695777703,0.6473003355407532
0.46021523481834115,0.03807690861448259
0.3242192182952855,0.18910986994542497
0.37300884063940004,0.08920316469240912
0.3434473753332863,0.1639498470233775
0.2562329687054789,0.7896949977369376
0.3728235929652004,0.11627388997808322
0.4570601051566484,0.04638470681131419
0.5696291909389324,0.030755827776145175
0.33292045548118904,0.16996111993758875
0.27115920818382544,0.45443407574549566
0.2921238873270566,0.32173703201367904
0.41552034792187004,0.08018582863041229
0.44192002862772595,0.06601845311350975
Generation 90
0.27708544420033615,0.6049134393589953
0.2882249985218139,0.42052777238210887
0.26285488695777703,0.6473003355407532
0.31063020965350147,0.24093871094005676
0.3397180699547099,0.1639498470233775
0.3142094530658761,0.2356129377320852
0.31308998191407345,0.2391639203550048
0.46021523481834115,0.03807690861448259
0.35191825555289663,0.1315743945893663
0.2892327683766292,0.32173703201367904
0.3260184578789999,0.17355747188002815
0.4570601051566484,0.04638470681131419
0.41552034792187004,0.08018582863041229
0.2823344545822928,0.48363647455811437
0.2590041515772443,0.7922797187331141
0.25484156097883753,0.8515337336029811
0.2975531362953625,0.29949653505456875
0.4225033808511743,0.0626161050289376
0.4579550117281061,0.045216991949585415
0.5298020316488807,0.035811439373508634
Generation 91
0.2975531362953625,0.29949653505456875
0.2562329687054789,0.7896949977369376
0.33292045548118904,0.16996111993758875
0.3342843057118976,0.16554598794662165
0.27115920818382544,0.45443407574549566
0.6388936504117458,0.031693420093627224
0.2892327683766292,0.32173703201367904
0.4570601051566484,0.04638470681131419
0.4972987622128237,0.04049250951273018
0.4132316764589939,0.07980933715220517
0.26285488695777703,0.6473003355407532
0.3260184578789999,0.17355747188002815
0.35191825555289663,0.1315743945893663
0.30933870755581755,0.22090684788864864
0.49315230111000635,0.042429296648020434
0.3993369169928851,0.11769039439546475
0.2882249985218139,0.42052777238210887
0.3242192182952855,0.18910986994542497
0.2587147177744757,0.7806854711425422
0.36319598869433467,0.12553366850611192
0.2549376965271162,0.8500340519822535
Generation 92
0.2882249985218139,0.42052777238210887
0.2562329687054789,0.7896949977369376
0.3397180699547099,0.1639498470233775
0.25493279461394047,0.8534260124532261
0.2892327683766292,0.32173703201367904
0.2975531362953625,0.29949653505456875
0.26285488695777703,0.6473003355407532
0.30933870755581755,0.22090684788864864
0.35191825555289663,0.1315743945893663
0.5477194460931004,0.034818064887529775
0.4115587168562221,0.08303360977211631
0.46021523481834115,0.03807690861448259
0.41552034792187004,0.08018582863041229
0.25791820128401943,0.7806854711425422
0.3342843057118976,0.16554598794662165
Generation 93
0.2882249985218139,0.42052777238210887
0.35191825555289663,0.1315743945893663
0.3397180699547099,0.1639498470233775
0.3264566103996915,0.17044802387477517
0.3342843057118976,0.16554598794662165
0.2562329687054789,0.7896949977369376
0.37300884063940004,0.08920316469240912
0.3142094530658761,0.2356129377320852
0.26285488695777703,0.6473003355407532
0.31308998191407345,0.2391639203550048
0.3242192182952855,0.18910986994542497
0.2975531362953625,0.29949653505456875
0.297958897033299,0.2976224959683489
0.2921238873270566,0.32173703201367904
0.41552034792187004,0.08018582863041229
0.5456750157747702,0.03543306787228729
0.2706857666992998,0.47983012836711425
Generation 94
0.2882249985218139,0.42052777238210887
0.4085892745165938,0.08478127439893224
0.31063020965350147,0.24093871094005676
0.2975531362953625,0.29949653505456875
0.3169862086905628,0.2363318569660259
0.36319598869433467,0.12553366850611192
0.2921238873270566,0.32173703201367904
0.3264566103996915,0.17044802387477517
0.2562329687054789,0.7896949977369376
0.3242192182952855,0.18910986994542497
0.4115587168562221,0.08303360977211631
0.4225033808511743,0.0626161050289376
0.26249877878473427,0.6473003355407532
0.323497640459237,0.23489961374418855
0.35191825555289663,0.1315743945893663
0.33292045548118904,0.16996111993758875
0.27115920818382544,0.45443407574549566
Generation 95
0.31063020965350147,0.24093871094005676
0.6686549446507024,0.032789052483164924
0.2549376965271162,0.8500340519822535
0.2892327683766292,0.32173703201367904
0.2882249985218139,0.42052777238210887
0.4570601051566484,0.04638470681131419
0.25493279461394047,0.8534260124532261
0.4225033808511743,0.0626161050289376
0.2562329687054789,0.7896949977369376
0.3142094530658761,0.2356129377320852
0.2975531362953625,0.29949653505456875
0.46021523481834115,0.03807690861448259
0.3242192182952855,0.18910986994542497
0.33292045548118904,0.16996111993758875
0.5724950344275082,0.03451696641307358
0.37908730614529157,0.08128861881199806
0.36319598869433467,0.12553366850611192
0.3230778518094359,0.23489961374418855
0.31308998191407345,0.2391639203550048
0.5477194460931004,0.034818064887529775
0.3728235929652004,0.11627388997808322
0.26285488695777703,0.6473003355407532
0.26557017477843564,0.614266789929673
0.2833073577343797,0.5569839367324587
Generation 96
0.3242192182952855,0.18910986994542497
0.4225033808511743,0.0626161050289376
0.44619029210989863,0.043975904227358434
0.31063020965350147,0.24093871094005676
0.3728235929652004,0.11627388997808322
0.36319598869433467,0.12553366850611192
0.6210195013927886,0.031475358137334014
0.2882249985218139,0.42052777238210887
0.31308998191407345,0.2391639203550048
0.2546995286809587,0.850685743485238
0.41552034792187004,0.08018582863041229
0.2562329687054789,0.7896949977369376
0.26285488695777703,0.6473003355407532
0.33292045548118904,0.16996111993758875
0.2973839630571454,0.29949653505456875
0.38059891047130634,0.09749997714158133
0.2892327683766292,0.32173703201367904
Generation 97
0.4132316764589939,0.07980933715220517
0.31063020965350147,0.24093871094005676
0.2562329687054789,0.7896949977369376
0.5477194460931004,0.034818064887529775
0.3142094530658761,0.2356129377320852
0.2975531362953625,0.29949653505456875
0.283057950774149,0.6110282717189678
0.2549376965271162,0.8500340519822535
0.25853599940947436,0.7806854711425422
0.25496993773958365,0.8472937830142654
0.3354794389032532,0.16753783188677907
0.3264566103996915,0.17044802387477517
0.26145846015359575,0.7008961384190359
0.36319598869433467,0.12553366850611192
0.46021523481834115,0.03807690861448259
0.33758425833753253,0.15933202483864897
Generation 98
0.3342843057118976,0.16554598794662165
0.41552034792187004,0.08018582863041229
0.2562329687054789,0.7896949977369376
0.2882249985218139,0.42052777238210887
0.3242192182952855,0.18910986994542497
0.4570601051566484,0.04638470681131419
0.46021523481834115,0.03807690861448259
0.27115920818382544,0.45443407574549566
0.3728235929652004,0.11627388997808322
0.2892327683766292,0.32173703201367904
0.30933870755581755,0.22090684788864864
0.4225033808511743,0.0626161050289376
0.25496993773958365,0.8472937830142654
0.2549376965271162,0.8500340519822535
0.5477194460931004,0.034818064887529775
0.33292045548118904,0.16996111993758875
0.25853599940947436,0.7806854711425422
0.3264566103996915,0.17044802387477517
0.36119605114717174,0.12949532269728606
0.26249877878473427,0.6473003355407532
Generation 99
0.2882249985218139,0.42052777238210887
0.2549376965271162,0.8500340519822535
0.3264566103996915,0.17044802387477517
0.25791820128401943,0.7806854711425422
0.2562329687054789,0.7896949977369376
0.26249877878473427,0.6473003355407532
0.3142094530658761,0.2356129377320852
0.2892327683766292,0.32173703201367904
0.3728235929652004,0.11627388997808322
0.3369988074471912,0.15853485065303274
0.4570601051566484,0.04638470681131419
0.3273157423723203,0.16540889484163462
0.3242192182952855,0.18910986994542497
0.27115920818382544,0.45443407574549566
0.4214539123846344,0.08126753870839085
0.36319598869433467,0.12553366850611192
0.46021523481834115,0.03807690861448259
0.44627133202920166,0.07785264007169751
0.5434580426485418,0.034818064887529775
Generation 100
0.2562329687054789,0.7896949977369376
0.2892327683766292,0.32173703201367904
0.2549376965271162,0.8500340519822535
0.2882249985218139,0.42052777238210887
0.3728235929652004,0.11627388997808322
0.25791820128401943,0.7806854711425422
0.31467398893325493,0.23986103281555352
0.2705254342829664,0.45443407574549566
0.3242192182952855,0.18910986994542497
0.4132316764589939,0.07980933715220517
0.26145846015359575,0.7008961384190359
0.512808450151953,0.03483799576137367
0.3250726326013632,0.16540889484163462
0.297958897033299,0.2976224959683489
0.3369988074471912,0.15853485065303274
0.39884080902635644,0.10377905193992691
0.542344015889257,0.03479069471998031
0.46021523481834115,0.03807690861448259
0.4570601051566484,0.04638470681131419

Generation 0
0.5423087812391192,0.13388868926349684
0.4514016395838815,0.1937593547916234
0.45955824121137917,0.18702753414543025
0.43650879528822684,0.19961820440310074
0.4197614951471227,0.2245201998594237
0.3691998435697091,0.24525010937919955
0.3990655796383028,0.23975967245738383
0.407639902865042,0.23103868614284867
0.32542936161396263,0.2856080429011032
0.32457277286776165,0.3831020989529943
0.3220532104380712,0.3926828635951318
0.2954042572585553,0.4184181918046972
0.2888554281251594,0.4770156080633079
0.28717618218045304,0.5301751317097457
0.2797279595871633,0.5978395845486666
0.2797886492439321,0.5699505362071858
0.27849806726971327,0.6300947594448264
0.27442668096292794,0.6348707019469803
0.2722704182101024,0.6507874921052376
0.2598502078582134,0.7538476587511986
0.2650534558412353,0.6976636498440834
0.26073508451936916,0.7017620672451086
0.25640220099875216,0.758102411369864
0.2555143124085551,0.8291271221425581
0.25626951300695555,0.8237899896839006
0.6053884034191378,0.09129680223780436
0.5103299029505857,0.1344538526717679
0.4733968848520107,0.163753564824479
Generation 1
0.2840056572364265,0.5871807217001696
0.2558173111706183,0.758102411369864
0.6375282691577288,0.10395645211312671
0.28239651627044327,0.6105528314319113
0.4042827882998781,0.25150558164428405
0.32408273475054244,0.3976148232868608
0.49911101163035887,0.17001703090799408
0.2891486664324268,0.5302649777302093
0.8062762004376979,0.09024627452095162
0.46128203058324685,0.17488102069588857
0.29548145376969454,0.4486283920264725
0.38585424894980813,0.3004779476508261
0.3953846469778314,0.2937963189877674
0.3390268763800317,0.30582779759326206
0.5251778534424316,0.12376948386965977
0.41178361419113885,0.19164948294492748
0.30720516591024477,0.4134851698364748
Generation 2
0.31331059643439163,0.3540536760626825
0.6375282691577288,0.10395645211312671
0.29232263624014726,0.5256649184355542
0.3694934641640883,0.2765461078889885
0.3041788553500292,0.3924465965774566
0.26482180447688103,0.7334811182962973
0.4302313352197608,0.19930718472591694
0.40284057431344134,0.23975967245738383
0.260244569717885,0.7542191247524083
0.26581484835081426,0.6331851974518624
0.6242195957498211,0.1266956923182027
0.4905520752331547,0.14144342997739776
0.3013101440387663,0.46653030699857306
0.3015671569164652,0.4595407849607868
0.47185060122908357,0.19533866244054804
0.7070141427446713,0.09688742235636764
0.47203195563035194,0.19498420830330007
0.33769928446758934,0.2788635760408367
0.2558173111706183,0.758102411369864
0.9475928172302205,0.08903619066871893
0.2843368891374892,0.608842508607207
Generation 3
0.3118459686593232,0.3108199858580008
0.2981672391373232,0.3749915215747103
0.3730523732900254,0.20074703222344467
0.2884016126703585,0.5004019417433221
0.2892335988729826,0.4526888246690254
0.7110073857246592,0.08012535282231048
0.32396902128626887,0.2856080429011032
0.3317305172206687,0.207034794814799
0.442903283133891,0.14377459223366149
0.2680342123969182,0.6218754237806083
0.48668966144659065,0.11268705046198349
0.2781452813258494,0.529137073366194
0.4302313352197608,0.19930718472591694
0.2558173111706183,0.758102411369864
Generation 4
0.2891486664324268,0.5302649777302093
0.5349673372990114,0.09975617741516565
0.558627812832716,0.08492144056152715
0.2980436667806014,0.41146864321388044
1.0109730269240038,0.08338428329935733
0.29276272812262255,0.5039910947661174
0.272033640087802,0.7282036354698734
0.4966751694410987,0.12837238465790526
0.3421121456917825,0.2913691083596597
0.2558173111706183,0.758102411369864
0.3487525970790515,0.21354680583563523
0.3118459686593232,0.3108199858580008
0.35326546618124127,0.14762044613125427
0.2747740053450866,0.6567313080032553
0.27903702183362805,0.5337513886447081
Generation 5
0.4290595272377453,0.1893233233714066
0.259606439038057,0.7005297339741839
0.2806475906110264,0.5345292186639956
0.2761237173100422,0.6499311492196745
0.4255533471114324,0.21005087601295702
0.2860990977203122,0.4941062810653501
0.278609126928462,0.6163777738756019
0.2920957435446375,0.46324752516523265
0.5200030864289835,0.12273730668783424
0.2742682156311056,0.6773152942454497
0.3487525970790515,0.21354680583563523
0.27565373648469116,0.6575105146665721
0.4320508868858108,0.17677064447105312
0.32658770592410896,0.2943834240802211
0.5308319897627237,0.07777528181267448
0.2560496602493977,0.8569511351609923
0.3118459686593232,0.3108199858580008
0.8813328104177384,0.062157255121215074
0.43563804947302126,0.13428792512992554
0.44708435441334776,0.13343335941422368
Generation 6
0.5176973847242983,0.11431760645753841
0.40974310107367445,0.14740487772163668
0.3118459686593232,0.3108199858580008
0.32396902128626887,0.2856080429011032
0.7626349161807808,0.057309897791260576
0.36386110923670745,0.22307048740303956
0.259606439038057,0.7005297339741839
0.280428236940234,0.5200437379636148
0.2952151483133559,0.4184181918046972
0.589700476718932,0.06289408230911342
0.45352204071224234,0.14075624733455322
0.5308319897627237,0.07777528181267448
0.2680342123969182,0.6218754237806083
0.37175042082953386,0.1501474039479878
0.33395473342744303,0.23900056214801169
0.2981672391373232,0.3749915215747103
0.5034228902350812,0.14037650394374857
0.442903283133891,0.14377459223366149
Generation 7
1.0308858269539007,0.06000826569292811
0.2799609355247425,0.5978395845486666
0.5254330177222036,0.07294444696222079
0.2884016126703585,0.5004019417433221
0.33395473342744303,0.23900056214801169
0.3118459686593232,0.3108199858580008
0.2981672391373232,0.3749915215747103
0.2558173111706183,0.758102411369864
0.37597523736304345,0.15976153260459597
0.3349750594365546,0.19449438341027314
0.4940678826242047,0.13914306828093648
0.5069960277269009,0.08094449832215544
0.589700476718932,0.06289408230911342
0.32396902128626887,0.2856080429011032
0.41233658304635823,0.15423416841588536
0.28422675178576917,0.5699505362071858
0.2892335988729826,0.4526888246690254
0.259606439038057,0.7005297339741839
0.2680342123969182,0.6218754237806083
Generation 8
0.558627812832716,0.08492144056152715
0.29678126746494315,0.37351096307241044
0.2860990977203122,0.4941062810653501
0.2800127534471152,0.5040230924677496
0.5714651188948926,0.08241839539529316
0.34436962297114704,0.23214199956592035
0.2665019297334709,0.5153601354729355
0.3118459686593232,0.3108199858580008
0.259606439038057,0.7005297339741839
0.5100016244147749,0.10666485561858398
0.3487525970790515,0.21354680583563523
0.32396902128626887,0.2856080429011032
0.2945115123490989,0.46012333094955665
0.4994422311193381,0.10961685397918919
0.8033394858792346,0.05380047185258425
0.5340938545944107,0.08897968981553901
0.589700476718932,0.06289408230911342
0.3688533296929398,0.12417611777653581
Generation 9
0.32396902128626887,0.2856080429011032
0.6655921614786918,0.06054627611134943
0.2800127534471152,0.5040230924677496
0.2799609355247425,0.5978395845486666
0.35083077138530744,0.22270169288449543
0.5100016244147749,0.10666485561858398
0.3118459686593232,0.3108199858580008
0.2981672391373232,0.3749915215747103
0.5308319897627237,0.07777528181267448
0.582471081602238,0.07514215833135833
0.34436962297114704,0.23214199956592035
0.8510210801558107,0.060331032775836436
0.4522246014576091,0.11749211492655898
0.39089950229090054,0.15747518127611643
0.2558173111706183,0.758102411369864
0.259606439038057,0.7005297339741839
0.43563804947302126,0.13428792512992554
0.44708435441334776,0.13343335941422368
0.2680342123969182,0.6218754237806083
0.2860990977203122,0.4941062810653501
0.33395473342744303,0.23900056214801169
0.2920957435446375,0.46324752516523265
Generation 10
0.2981672391373232,0.3749915215747103
0.32396902128626887,0.2856080429011032
0.3118459686593232,0.3108199858580008
0.2680342123969182,0.6218754237806083
0.589700476718932,0.06289408230911342
0.3730523732900254,0.20074703222344467
0.5254330177222036,0.07294444696222079
0.6450754438911472,0.04790903862832944
0.2808076670415852,0.48225467929474714
0.4315545382274299,0.11513348152899155
0.43493309548546677,0.09260661489779154
0.259606439038057,0.7005297339741839
0.5069960277269009,0.08094449832215544
0.39099496263433403,0.1905288775011262
0.4111539649304638,0.14953022551108197
0.39186210693983214,0.15817772737032335
0.4242375878595543,0.146514183346912
0.3487525970790515,0.21354680583563523
0.2558173111706183,0.758102411369864
0.33395473342744303,0.23900056214801169
0.34436962297114704,0.23214199956592035
0.2791359560353649,0.493378551114557
0.42571915396646914,0.13611843929208234
Generation 11
0.259606439038057,0.7005297339741839
0.2560496602493977,0.8569511351609923
0.2680342123969182,0.6218754237806083
0.4522246014576091,0.11749211492655898
0.29678126746494315,0.37351096307241044
0.3118459686593232,0.3108199858580008
0.589700476718932,0.06289408230911342
0.2791359560353649,0.493378551114557
0.5265263021562779,0.07294444696222079
0.32396902128626887,0.2856080429011032
0.6495360221245077,0.05075411831752193
0.3688533296929398,0.12417611777653581
0.33395473342744303,0.23900056214801169
0.3487525970790515,0.21354680583563523
0.2892335988729826,0.4526888246690254
0.49977261646601784,0.08806375459086431
0.36187529142170105,0.18546381593647768
Generation 12
0.32396902128626887,0.2856080429011032
0.589700476718932,0.06289408230911342
0.35687164297976537,0.22120565207546036
0.2981672391373232,0.3749915215747103
0.259606439038057,0.7005297339741839
0.2739192285944701,0.6154041469238677
0.4463353224511136,0.08672750354333111
0.30884367845909383,0.3108199858580008
0.4069042265858125,0.1377375884545327
0.2649988663686377,0.6976636498440834
0.36187529142170105,0.18546381593647768
0.28023673077049954,0.4451083000353019
0.2558173111706183,0.758102411369864
0.33395473342744303,0.23900056214801169
0.2791359560353649,0.493378551114557
0.2680342123969182,0.6218754237806083
0.3834584235894861,0.16165437902465293
0.4233297284350567,0.11783057204173848
0.5695174954391417,0.0670200205349708
0.8036708727036843,0.06012293897384357
Generation 13
0.259606439038057,0.7005297339741839
0.589700476718932,0.06289408230911342
0.4315545382274299,0.11513348152899155
0.32396902128626887,0.2856080429011032
0.3118459686593232,0.3108199858580008
0.2863291397394631,0.48340313399427787
0.6415669254850521,0.061138822077842644
0.2558173111706183,0.758102411369864
0.27025218535612916,0.4872409472212745
0.3487525970790515,0.21354680583563523
0.4463353224511136,0.08672750354333111
0.34436962297114704,0.23214199956592035
0.2952151483133559,0.4184181918046972
0.2680342123969182,0.6218754237806083
0.3688533296929398,0.12417611777653581
0.5254330177222036,0.07294444696222079
0.6921978063881198,0.0450411116470306
0.29678126746494315,0.37351096307241044
0.6919142932907153,0.0573556297436176
Generation 14
0.4463353224511136,0.08672750354333111
0.3688533296929398,0.12417611777653581
0.259606439038057,0.7005297339741839
0.2680342123969182,0.6218754237806083
0.29678126746494315,0.37351096307241044
0.2952151483133559,0.4184181918046972
0.2795371256302172,0.46315794067293425
0.32396902128626887,0.2856080429011032
0.3118459686593232,0.3108199858580008
0.2558173111706183,0.758102411369864
0.3487525970790515,0.21354680583563523
0.5308319897627237,0.07777528181267448
0.27025218535612916,0.4872409472212745
0.5873660364175111,0.06209525431527125
0.5069960277269009,0.08094449832215544
0.3391513560730744,0.23193879570545164
0.6125607820190302,0.05556206850143697
Generation 15
0.32396902128626887,0.2856080429011032
0.3688533296929398,0.12417611777653581
0.4463353224511136,0.08672750354333111
0.2952151483133559,0.4184181918046972
0.589700476718932,0.06289408230911342
0.5254330177222036,0.07294444696222079
0.2559835367527737,0.7526047565512227
0.2558173111706183,0.758102411369864
0.285230782512081,0.5069639656597041
0.4315545382274299,0.11513348152899155
0.29678126746494315,0.37351096307241044
0.3487525970790515,0.21354680583563523
0.3118459686593232,0.3108199858580008
0.259606439038057,0.7005297339741839
0.3417685131121885,0.26850303770483414
0.8871771659672858,0.04933945804076058
0.28019770457649595,0.5176713385169739
0.2933040266744854,0.48906773224323774
0.26303599935880506,0.5984663011441297
Generation 16
0.3118459686593232,0.3108199858580008
0.32396902128626887,0.2856080429011032
0.2558173111706183,0.758102411369864
0.6944568550400707,0.056962531398846813
0.259606439038057,0.7005297339741839
0.27025218535612916,0.4872409472212745
0.2952151483133559,0.4184181918046972
0.7766494495655184,0.056041249415093045
0.6482963528271294,0.06350039639747611
0.3487525970790515,0.21354680583563523
0.3303897785198328,0.27926115423903264
0.26303599935880506,0.5984663011441297
0.5069960277269009,0.08094449832215544
0.4738912362295661,0.10266240209482715
Generation 17
0.32396902128626887,0.2856080429011032
0.589700476718932,0.06289408230911342
0.3688533296929398,0.12417611777653581
0.3118459686593232,0.3108199858580008
0.2952151483133559,0.4184181918046972
0.27025218535612916,0.4872409472212745
0.259606439038057,0.7005297339741839
0.6921978063881198,0.0450411116470306
0.4463353224511136,0.08672750354333111
0.2680342123969182,0.6218754237806083
0.29678126746494315,0.37351096307241044
Generation 18
0.2791359560353649,0.493378551114557
0.29678126746494315,0.37351096307241044
0.3020451991970479,0.36311405983152534
0.2558173111706183,0.758102411369864
0.38169858642339893,0.22050960572022243
0.259606439038057,0.7005297339741839
0.2952151483133559,0.4184181918046972
0.7366463405814583,0.05425906723734135
0.2795371256302172,0.46315794067293425
0.4463353224511136,0.08672750354333111
0.3604075736961191,0.24675720985659585
0.32259286024983264,0.2856080429011032
0.2656033872092347,0.6016818443718255
