Generation 1
0.26890178956419614,0.6252249486235592
0.28569158397225525,0.5531465056929854
0.2904355043475495,0.4898796336759656
0.29823537875415035,0.42439321213670067
0.30791819216173005,0.3894324583184272
0.32310287245812325,0.3506703535706298
0.3305620627954054,0.310645722164769
0.3542164231830392,0.30413215681436306
0.35670156172850453,0.2780053064604982
0.37928457320962,0.24681146670861318
0.3932732717864588,0.24181806598372682
0.4067104399101131,0.2099934175513452
0.42246435498462837,0.19673260745790952
0.4419056645306159,0.18852819312392852
0.4473183327237535,0.18429370563886216
0.46704730154686924,0.1660957856096728
0.48167160114067487,0.16074137598237812
0.4915963506254076,0.14686815455372698
0.5172968135872728,0.1366519775745087
0.5976375951300195,0.11497562879113649
0.6190547288513399,0.11268782067030805
0.6928375046244253,0.10993277779842194
0.8986681525476623,0.10231247278728801
Generation 2
0.3015607676800259,0.4521419827662678
0.3196162491322858,0.32137527475179056
0.3305620627954054,0.310645722164769
0.3505315351424171,0.2956732459434835
0.35670156172850453,0.2780053064604982
0.359106844093373,0.23108887176872786
0.3891212585056394,0.20661597574715723
0.4051941349990477,0.18602514123601915
0.4321787350077086,0.16572671831892993
0.4824889898963011,0.16028262663499634
0.4949370208232303,0.15734409549584163
0.5103288547543077,0.1508311030004051
0.5140326120585806,0.1367991312963295
0.5760440986034078,0.13516129827943354
0.5976375951300195,0.11497562879113649
Generation 3
0.3384655456229138,0.271242653240819
0.34494377073744614,0.238328796130865
0.359106844093373,0.23108887176872786
0.39593614677180816,0.21349805397709948
0.4042353252304503,0.21175230874575815
0.4051941349990477,0.18602514123601915
0.41678776754011126,0.18159657223345835
0.4193908641987607,0.1701619986859661
0.4415680380046605,0.16254599468613096
0.45924144161073976,0.15681055779831438
0.4649061879781447,0.1492999378853785
0.4720169860010358,0.14553506088451554
0.47284317283422744,0.13992403195827166
0.4732085927448713,0.13918249908409042
0.4844286183226536,0.1273522433321287
0.5273974397045631,0.12369773639690518
0.5275154148726736,0.12348070197575067
0.5879469144465334,0.10690090896152593
0.5899975109438232,0.10612851259173499
Generation 4
0.3196162491322858,0.32137527475179056
0.3196162491322858,0.32137527475179056
0.3305620627954054,0.310645722164769
0.35670156172850453,0.2780053064604982
0.35670156172850453,0.2780053064604982
0.3583869858897935,0.257238715559518
0.3625819274150576,0.23642045253286664
0.3772082918680949,0.2348065403319973
0.3796440526643723,0.2281003796547052
0.38036845585758505,0.21395158869332268
0.38448340094428773,0.17788016970424497
0.4205306211041498,0.16239343116776053
0.42198209129618697,0.15869848307647852
0.45453524906036524,0.15664598998386048
0.4604948258888557,0.15304259469706963
0.46881314880733893,0.13333827389404465
0.48573837056714597,0.13030994077131267
0.49409349754575155,0.12478154663762941
0.5208088154004319,0.12282615958970763
0.5239493318934139,0.11823526343162107
0.5356644562090466,0.10778545688672694
0.573326852497609,0.10599233334854456
0.5808908347421373,0.08959788570148519
Generation 5
0.34275862772157634,0.2886691804717851
0.34275862772157634,0.2886691804717851
0.3583869858897935,0.257238715559518
0.359106844093373,0.23108887176872786
0.37961179541165335,0.18857129358127006
0.39401022229759686,0.16930628123545344
0.42529849366174344,0.15985593518718666
0.43847937874730364,0.14989271563346812
0.44288653949934903,0.144300045007058
0.4538969395593606,0.13603751268328843
0.460158055901352,0.12778332898820152
0.4782815515407391,0.12067047707491924
0.4798215727874097,0.11234129093341196
0.5502808162492886,0.09963012983027789
0.5804023545339455,0.09938321840740047
0.6364323998817626,0.0944325405895332
0.782411445673209,0.09258589301874756
Generation 6
0.3196162491322858,0.32137527475179056
0.3196162491322858,0.32137527475179056
0.3305620627954054,0.310645722164769
0.3581879686675378,0.2500138650135663
0.3584408895688889,0.2202160341180494
0.3645155405764481,0.20303934397629222
0.37154635273914666,0.19476833048039824
0.37961179541165335,0.18857129358127006
0.3916252575737583,0.1717164649903073
0.39228173050135123,0.1547535550753868
0.41347431722934985,0.1475639742402768
0.41634821982237313,0.14397227089472867
0.46990370214799615,0.14180952416179066
0.47017645930938673,0.13748234315202038
0.4721173426287948,0.11923908703686517
0.4798215727874097,0.11234129093341196
0.50323300910194,0.10392130937758404
0.5288435647522005,0.10203653720736018
0.5355341005073241,0.09954487791456597
0.5400947772165537,0.09627376040774656
0.5637543513061063,0.09143407301215999
0.5732652022516308,0.08472585921380088
0.6612596471232387,0.0843784887535224
0.6883590784468988,0.08366163960728626
Generation 7
0.3625819274150576,0.23642045253286664
0.3625819274150576,0.23642045253286664
0.371467333958829,0.18952142806620662
0.3826167580592852,0.18743489838787994
0.38280532600560646,0.17771647487448808
0.387179739704549,0.17433623278204158
0.38919393753064635,0.14455318906613332
0.4194129376879957,0.10360510949058015
0.5400840234389518,0.10171379207508977
0.5400947772165537,0.09627376040774656
0.5404173412525494,0.09613964705471556
0.5605126125647061,0.09569591746547797
0.5798667972687911,0.09439463622312645
0.5945788831500649,0.08980170341521045
0.6229081617066009,0.08879604851638254
0.6803810557982942,0.08201926858102787
Generation 8
0.359106844093373,0.23108887176872786
0.37318610617107967,0.2303030379716011
0.37761666491805645,0.21619777205974963
0.3809785354667523,0.13647606559470724
0.39089292041036944,0.10260082148387661
0.44046617992601966,0.09214769632565283
0.5120657365180269,0.0859770657648284
0.5833649440949895,0.08278022736396634
0.5855209099552341,0.08135141757588597
Generation 9
0.3384655456229138,0.271242653240819
0.34494377073744614,0.238328796130865
0.3584408895688889,0.2202160341180494
0.37913823641294053,0.18586249789293907
0.39269146899534924,0.18550176817023017
0.3959165832072168,0.1850891784823344
0.3965837057499555,0.1828323926956676
0.39782525848078243,0.18219094990410817
0.3997875093719387,0.17350048081832292
0.39996198479879197,0.16198294728029677
0.406060386427711,0.15183019107736492
0.40989430474109556,0.13304588860839062
0.41955584330014345,0.12708628696676919
0.43500882057815404,0.08532515138103473
0.5457112761024825,0.08105532445996039
0.578228859183393,0.07705425981400942
Generation 10
0.3384655456229138,0.271242653240819
0.35176807429305956,0.24039718509966576
0.359106844093373,0.23108887176872786
0.359106844093373,0.23108887176872786
0.3827690834745765,0.1477625358454109
0.3866494312495401,0.14643897595405242
0.40586776165393607,0.09635930307106902
0.4785167573394649,0.09242970921752106
0.4882902938798412,0.09187218878665553
0.5182544152744558,0.08890781145469845
0.525712097202436,0.0861916442580065
0.527990000149459,0.08246441783661318
0.5403451383051896,0.08000349261446371
0.6084239373675764,0.0713277725687243
0.7599294479032265,0.07081715711371162

